(315, 109), (322, 98), (326, 99), (329, 100), (310, 96), (306, 95), (301, 94), (330, 105), (290, 99), (319, 123), (305, 121), (362, 192), (234, 176), (368, 282), (221, 270), (350, 359), (247, 340), (347, 386), (249, 367), (338, 379), (260, 359), (336, 370), (262, 350), (323, 367), (253, 364), (353, 502), (222, 498), (386, 616), (190, 631), (373, 634), (198, 653), (426, 652), (160, 667)
(307, 109), (315, 98), (319, 99), (322, 99), (301, 96), (296, 95), (291, 94), (325, 105), (283, 99), (313, 124), (296, 121), (358, 192), (229, 177), (366, 282), (216, 270), (351, 360), (244, 340), (349, 387), (248, 367), (339, 381), (259, 359), (336, 373), (260, 350), (323, 367), (250, 364), (352, 502), (221, 498), (384, 616), (190, 631), (373, 634), (198, 649), (427, 652), (161, 667)
(299, 110), (306, 98), (310, 99), (314, 99), (292, 97), (287, 96), (282, 96), (316, 105), (276, 101), (306, 124), (289, 123), (353, 192), (223, 178), (361, 283), (208, 273), (352, 362), (240, 341), (353, 389), (245, 368), (346, 384), (255, 360), (342, 377), (256, 351), (316, 367), (243, 364), (352, 502), (219, 498), (383, 615), (191, 628), (372, 634), (199, 644), (427, 652), (163, 665)
(285, 113), (291, 100), (296, 100), (300, 100), (278, 99), (275, 99), (270, 99), (306, 105), (265, 105), (293, 126), (277, 125), (350, 192), (216, 180), (358, 283), (200, 273), (352, 363), (231, 341), (357, 389), (237, 368), (352, 385), (248, 360), (347, 379), (249, 351), (312, 368), (239, 365), (352, 502), (216, 498), (381, 614), (192, 628), (370, 633), (201, 644), (424, 652), (162, 665)
(277, 113), (282, 100), (287, 100), (292, 100), (270, 100), (266, 100), (262, 101), (299, 105), (257, 108), (287, 126), (270, 126), (345, 191), (212, 182), (355, 282), (192, 273), (352, 361), (224, 341), (360, 388), (228, 368), (353, 385), (240, 360), (348, 378), (241, 351), (312, 369), (240, 367), (351, 503), (215, 500), (379, 615), (193, 629), (370, 633), (202, 645), (419, 653), (161, 665)
(272, 114), (278, 100), (283, 100), (288, 100), (265, 101), (261, 102), (257, 103), (295, 105), (252, 110), (283, 126), (266, 127), (342, 189), (211, 184), (353, 280), (189, 274), (352, 360), (220, 345), (360, 387), (223, 371), (353, 385), (235, 366), (348, 378), (237, 357), (312, 369), (240, 368), (350, 502), (215, 501), (378, 614), (193, 629), (369, 633), (202, 645), (417, 653), (161, 665)
(270, 115), (276, 101), (281, 100), (285, 100), (263, 103), (259, 104), (255, 105), (292, 105), (250, 113), (281, 127), (264, 128), (342, 187), (210, 187), (353, 276), (191, 277), (353, 359), (217, 356), (361, 387), (219, 384), (354, 385), (232, 381), (349, 378), (234, 373), (313, 369), (241, 368), (349, 502), (216, 502), (378, 614), (193, 629), (369, 633), (203, 645), (416, 653), (161, 665)
(270, 118), (275, 102), (280, 102), (284, 101), (262, 105), (258, 106), (255, 107), (291, 106), (251, 115), (281, 129), (264, 131), (342, 186), (210, 191), (354, 276), (193, 282), (354, 361), (213, 371), (363, 390), (213, 399), (355, 389), (225, 396), (350, 382), (228, 388), (313, 369), (242, 369), (350, 502), (217, 503), (378, 614), (193, 628), (369, 632), (203, 645), (417, 653), (165, 664)
(269, 119), (275, 103), (279, 103), (284, 102), (261, 106), (257, 107), (254, 108), (291, 107), (250, 116), (280, 130), (263, 132), (343, 186), (211, 194), (354, 276), (194, 287), (356, 365), (207, 381), (367, 395), (204, 409), (358, 395), (214, 407), (352, 387), (219, 398), (315, 369), (244, 370), (350, 502), (219, 502), (378, 613), (194, 627), (369, 631), (202, 644), (417, 653), (169, 664)
(269, 121), (275, 105), (279, 105), (284, 104), (261, 108), (257, 109), (254, 110), (291, 108), (250, 117), (279, 132), (263, 134), (343, 186), (212, 197), (355, 281), (195, 294), (360, 373), (205, 389), (372, 401), (198, 418), (364, 401), (207, 416), (357, 393), (212, 407), (318, 370), (246, 372), (351, 502), (221, 503), (378, 613), (194, 626), (369, 630), (202, 642), (416, 653), (168, 662)
(268, 124), (274, 108), (279, 107), (284, 107), (260, 110), (256, 111), (253, 112), (291, 111), (250, 118), (278, 134), (262, 136), (344, 186), (212, 198), (357, 284), (202, 296), (366, 377), (205, 392), (376, 404), (196, 420), (367, 404), (202, 419), (361, 395), (208, 410), (320, 369), (248, 371), (352, 502), (224, 503), (378, 613), (195, 626), (369, 631), (202, 642), (416, 653), (169, 661)
(270, 131), (276, 115), (280, 113), (285, 112), (262, 117), (258, 118), (254, 118), (291, 115), (251, 123), (280, 140), (264, 142), (345, 187), (213, 200), (360, 286), (206, 299), (370, 380), (207, 393), (378, 406), (196, 421), (369, 406), (202, 420), (363, 398), (208, 411), (322, 369), (251, 371), (353, 502), (226, 503), (379, 614), (196, 624), (370, 631), (203, 641), (416, 653), (170, 660)
(271, 134), (277, 118), (282, 117), (286, 116), (263, 120), (259, 121), (255, 121), (292, 118), (251, 125), (281, 143), (264, 145), (346, 188), (214, 202), (362, 288), (209, 300), (372, 381), (208, 395), (380, 407), (197, 422), (370, 407), (203, 421), (364, 399), (209, 413), (324, 369), (253, 371), (353, 502), (227, 503), (379, 614), (197, 624), (370, 631), (203, 641), (416, 653), (169, 659)
(272, 138), (278, 122), (282, 120), (287, 119), (264, 124), (260, 124), (256, 124), (293, 121), (252, 128), (282, 146), (265, 148), (347, 189), (214, 203), (363, 290), (215, 301), (373, 382), (209, 393), (380, 408), (200, 421), (371, 408), (206, 420), (365, 399), (211, 411), (326, 369), (254, 371), (354, 502), (228, 501), (380, 615), (197, 624), (370, 631), (203, 642), (416, 653), (166, 660)
(271, 140), (278, 125), (282, 123), (287, 122), (264, 127), (259, 127), (255, 127), (293, 123), (252, 129), (281, 149), (265, 151), (348, 190), (214, 203), (363, 291), (216, 300), (372, 384), (210, 391), (380, 409), (201, 419), (370, 409), (208, 418), (365, 401), (213, 409), (326, 369), (254, 371), (354, 503), (228, 501), (380, 615), (197, 623), (370, 631), (203, 641), (416, 653), (166, 659)
(272, 143), (278, 128), (283, 126), (287, 125), (264, 130), (259, 129), (255, 129), (293, 125), (252, 131), (282, 153), (265, 155), (349, 192), (214, 204), (363, 293), (216, 300), (372, 386), (210, 391), (379, 411), (202, 418), (370, 410), (209, 416), (364, 402), (214, 407), (326, 369), (254, 371), (354, 502), (228, 500), (380, 615), (197, 622), (370, 631), (203, 640), (415, 653), (167, 659)
(272, 146), (278, 131), (283, 129), (287, 128), (264, 132), (260, 132), (256, 131), (293, 127), (253, 133), (282, 156), (265, 158), (349, 195), (215, 204), (363, 295), (215, 300), (371, 386), (210, 390), (378, 411), (203, 417), (369, 411), (211, 415), (364, 401), (215, 407), (325, 369), (254, 371), (354, 503), (228, 500), (380, 615), (197, 622), (370, 631), (203, 639), (415, 653), (167, 659)
(272, 149), (278, 133), (283, 132), (287, 130), (264, 135), (260, 134), (256, 134), (294, 129), (253, 135), (282, 159), (265, 162), (349, 197), (215, 204), (363, 296), (215, 301), (369, 387), (211, 390), (376, 412), (206, 417), (368, 411), (214, 415), (362, 402), (218, 406), (325, 370), (254, 372), (354, 503), (228, 502), (380, 615), (197, 624), (371, 631), (203, 640), (415, 653), (167, 662)
(272, 152), (278, 136), (283, 134), (288, 133), (265, 137), (260, 137), (256, 137), (294, 132), (253, 137), (282, 162), (265, 164), (349, 199), (215, 205), (362, 297), (215, 301), (365, 386), (214, 389), (372, 412), (209, 416), (364, 411), (217, 414), (359, 401), (221, 405), (325, 370), (254, 372), (354, 503), (228, 502), (380, 615), (196, 624), (371, 631), (203, 640), (415, 653), (166, 663)
(272, 152), (278, 136), (283, 134), (288, 133), (265, 137), (260, 137), (256, 137), (294, 133), (252, 138), (282, 162), (265, 165), (349, 202), (215, 206), (360, 298), (215, 301), (360, 386), (217, 389), (367, 411), (213, 416), (360, 410), (222, 414), (355, 401), (226, 405), (325, 371), (254, 373), (354, 503), (228, 502), (380, 615), (197, 623), (371, 631), (203, 639), (414, 653), (166, 662)
(272, 157), (278, 140), (283, 139), (288, 137), (264, 143), (259, 143), (255, 143), (294, 136), (252, 142), (282, 166), (265, 170), (349, 206), (215, 208), (359, 299), (216, 301), (354, 386), (219, 389), (363, 411), (216, 416), (356, 409), (224, 414), (350, 400), (227, 405), (324, 371), (254, 373), (354, 502), (228, 501), (380, 615), (197, 623), (371, 631), (203, 639), (414, 653), (167, 661)
(270, 164), (277, 147), (282, 145), (287, 143), (263, 149), (258, 149), (255, 148), (294, 141), (252, 147), (281, 173), (264, 176), (348, 209), (215, 212), (358, 301), (218, 307), (352, 385), (222, 394), (360, 410), (216, 419), (353, 409), (223, 418), (347, 400), (228, 409), (324, 371), (255, 373), (354, 501), (228, 499), (380, 615), (197, 623), (371, 631), (203, 640), (414, 653), (163, 661)
(269, 173), (275, 157), (280, 155), (285, 154), (262, 158), (257, 158), (254, 158), (293, 151), (251, 155), (279, 182), (263, 184), (345, 211), (216, 214), (358, 303), (218, 308), (351, 386), (223, 399), (359, 411), (216, 423), (351, 409), (223, 422), (345, 400), (227, 414), (324, 371), (255, 373), (354, 501), (229, 495), (380, 614), (197, 623), (370, 631), (203, 640), (414, 653), (170, 660)
(269, 184), (275, 169), (280, 168), (285, 167), (262, 171), (257, 170), (254, 170), (292, 161), (251, 166), (279, 193), (263, 195), (343, 214), (216, 217), (362, 303), (216, 310), (352, 386), (221, 400), (359, 412), (215, 425), (350, 409), (222, 423), (345, 400), (227, 415), (324, 371), (255, 373), (354, 501), (229, 495), (380, 614), (197, 623), (370, 631), (204, 640), (414, 653), (171, 660)
(269, 196), (275, 181), (280, 180), (285, 178), (261, 183), (257, 182), (254, 181), (291, 171), (250, 175), (278, 203), (262, 204), (341, 218), (215, 221), (373, 303), (209, 312), (359, 386), (211, 399), (359, 413), (209, 425), (350, 410), (216, 423), (345, 400), (219, 414), (325, 371), (256, 373), (354, 501), (230, 496), (380, 614), (197, 624), (370, 631), (204, 642), (413, 653), (170, 660)
(268, 210), (274, 194), (279, 192), (284, 190), (260, 195), (256, 194), (252, 193), (290, 182), (249, 187), (277, 217), (262, 218), (339, 224), (215, 226), (389, 303), (189, 311), (368, 388), (195, 399), (363, 415), (197, 425), (351, 411), (209, 422), (348, 401), (211, 413), (326, 370), (258, 373), (354, 499), (230, 496), (380, 614), (196, 625), (370, 631), (203, 643), (413, 654), (170, 660)
(267, 223), (273, 206), (278, 205), (282, 202), (260, 208), (255, 207), (252, 205), (289, 194), (248, 198), (277, 229), (262, 229), (338, 232), (214, 236), (407, 302), (164, 307), (380, 387), (181, 396), (377, 415), (186, 424), (362, 411), (200, 421), (360, 402), (203, 412), (328, 369), (258, 371), (353, 496), (232, 494), (380, 614), (196, 626), (371, 632), (200, 644), (413, 654), (178, 664)
(265, 234), (270, 220), (275, 218), (280, 216), (258, 221), (254, 219), (250, 217), (288, 205), (246, 208), (275, 237), (261, 238), (337, 237), (213, 240), (419, 298), (145, 300), (390, 381), (169, 388), (385, 411), (174, 417), (371, 408), (188, 413), (368, 400), (191, 405), (328, 369), (258, 372), (353, 496), (232, 495), (380, 615), (195, 627), (371, 633), (197, 645), (414, 654), (178, 665)
(262, 241), (267, 229), (272, 227), (277, 224), (255, 230), (251, 228), (247, 226), (286, 212), (243, 215), (273, 243), (258, 244), (337, 241), (212, 243), (427, 290), (134, 291), (397, 375), (158, 378), (393, 404), (161, 406), (380, 402), (177, 401), (377, 393), (180, 392), (328, 370), (258, 372), (353, 494), (232, 494), (379, 615), (194, 627), (370, 633), (197, 645), (415, 654), (174, 665)
(261, 245), (266, 233), (271, 231), (276, 229), (254, 234), (250, 233), (247, 232), (286, 217), (243, 221), (272, 248), (258, 249), (338, 242), (212, 244), (432, 283), (130, 276), (402, 370), (150, 364), (399, 398), (150, 394), (387, 395), (166, 390), (384, 387), (170, 380), (328, 371), (258, 373), (353, 493), (231, 494), (379, 615), (194, 628), (370, 634), (198, 646), (416, 654), (175, 667)
(261, 242), (267, 230), (272, 228), (277, 226), (254, 231), (251, 229), (247, 228), (286, 215), (243, 219), (273, 246), (258, 246), (339, 241), (212, 242), (434, 275), (130, 263), (404, 365), (144, 350), (402, 391), (142, 380), (390, 388), (159, 378), (387, 380), (163, 368), (329, 371), (258, 373), (353, 492), (230, 494), (379, 615), (194, 628), (370, 634), (198, 646), (416, 654), (175, 666)
(261, 241), (268, 229), (273, 227), (278, 224), (254, 229), (251, 228), (247, 226), (288, 214), (243, 216), (273, 244), (258, 245), (339, 238), (211, 240), (435, 266), (128, 252), (405, 353), (140, 333), (404, 379), (136, 363), (391, 377), (154, 360), (388, 371), (159, 350), (328, 370), (257, 373), (354, 490), (226, 492), (378, 615), (194, 628), (369, 634), (199, 646), (417, 654), (175, 666)
(262, 235), (268, 221), (273, 219), (278, 217), (255, 222), (252, 220), (249, 219), (288, 207), (246, 210), (273, 238), (259, 239), (340, 235), (214, 231), (437, 256), (130, 240), (406, 336), (139, 317), (403, 364), (134, 345), (390, 360), (151, 343), (387, 353), (157, 334), (329, 370), (257, 372), (356, 487), (220, 492), (378, 615), (194, 628), (369, 634), (201, 646), (417, 654), (174, 666)
(266, 214), (272, 201), (277, 199), (281, 197), (260, 201), (257, 199), (254, 198), (290, 189), (251, 190), (276, 219), (263, 217), (341, 224), (217, 217), (438, 240), (132, 224), (407, 311), (138, 292), (401, 337), (131, 318), (389, 334), (148, 316), (387, 326), (154, 310), (329, 369), (257, 371), (358, 488), (214, 490), (379, 615), (194, 628), (369, 634), (204, 646), (417, 654), (172, 666)
(273, 185), (280, 171), (284, 170), (289, 169), (269, 170), (266, 169), (262, 167), (297, 163), (257, 163), (280, 192), (268, 191), (342, 205), (221, 198), (438, 230), (138, 208), (404, 281), (141, 261), (400, 305), (133, 283), (388, 300), (150, 284), (385, 291), (156, 278), (328, 368), (256, 370), (360, 488), (211, 490), (380, 615), (195, 628), (370, 634), (206, 646), (418, 654), (171, 667)
(279, 155), (286, 143), (290, 142), (295, 142), (276, 141), (272, 140), (269, 139), (303, 141), (263, 138), (285, 165), (274, 163), (345, 188), (222, 185), (434, 219), (139, 196), (403, 253), (143, 225), (401, 272), (138, 247), (387, 266), (154, 244), (385, 259), (160, 239), (327, 368), (254, 370), (361, 496), (207, 499), (380, 615), (195, 628), (370, 634), (206, 646), (418, 654), (169, 667)
(286, 130), (293, 117), (298, 117), (303, 118), (281, 115), (277, 114), (273, 113), (311, 122), (267, 115), (292, 142), (280, 141), (348, 176), (223, 176), (433, 213), (149, 198), (408, 226), (144, 194), (407, 243), (139, 213), (392, 237), (157, 211), (390, 232), (163, 207), (325, 366), (251, 369), (360, 497), (208, 502), (381, 615), (195, 628), (371, 634), (207, 646), (417, 654), (168, 667)
(290, 113), (297, 102), (302, 102), (306, 103), (285, 100), (281, 99), (277, 99), (313, 108), (271, 103), (297, 127), (284, 125), (352, 168), (225, 170), (426, 213), (149, 193), (408, 211), (172, 190), (412, 220), (183, 195), (396, 214), (200, 188), (393, 212), (198, 189), (324, 362), (252, 364), (359, 497), (209, 502), (381, 616), (195, 626), (371, 634), (207, 646), (417, 654), (167, 664)
(290, 103), (298, 91), (303, 92), (307, 92), (286, 91), (281, 91), (277, 91), (315, 100), (273, 96), (298, 118), (284, 117), (353, 170), (228, 168), (426, 215), (158, 198), (409, 203), (171, 184), (411, 205), (175, 181), (398, 199), (181, 174), (395, 199), (182, 176), (324, 357), (252, 358), (355, 494), (214, 498), (383, 616), (196, 623), (373, 634), (207, 644), (416, 654), (166, 662)
(290, 101), (298, 90), (302, 90), (307, 90), (285, 90), (280, 90), (276, 90), (316, 98), (273, 98), (298, 115), (283, 115), (355, 177), (232, 174), (429, 222), (157, 208), (412, 197), (163, 169), (410, 194), (170, 159), (400, 187), (171, 154), (399, 188), (172, 158), (323, 354), (252, 352), (349, 490), (218, 496), (383, 616), (196, 624), (373, 633), (206, 645), (414, 654), (166, 663)
(289, 101), (298, 91), (302, 91), (307, 91), (284, 90), (280, 90), (276, 90), (316, 100), (273, 98), (298, 115), (282, 115), (355, 179), (232, 175), (428, 223), (157, 212), (416, 199), (158, 174), (415, 196), (164, 162), (405, 190), (165, 155), (404, 191), (166, 160), (323, 355), (252, 354), (348, 489), (219, 494), (382, 616), (196, 624), (371, 632), (206, 644), (412, 654), (166, 660)
(288, 103), (297, 92), (302, 93), (306, 93), (284, 91), (279, 91), (275, 91), (315, 101), (273, 98), (297, 117), (281, 117), (355, 180), (231, 176), (428, 223), (160, 214), (416, 205), (151, 182), (415, 203), (150, 168), (405, 197), (154, 160), (404, 198), (157, 166), (323, 356), (252, 355), (349, 489), (219, 495), (381, 616), (197, 624), (370, 632), (206, 643), (412, 654), (165, 660)
(288, 106), (297, 94), (302, 95), (306, 95), (283, 93), (279, 92), (275, 92), (315, 102), (272, 98), (297, 119), (281, 119), (355, 179), (231, 174), (427, 222), (162, 213), (415, 209), (145, 189), (414, 208), (139, 177), (404, 202), (146, 170), (403, 203), (150, 174), (323, 357), (252, 355), (349, 495), (219, 498), (381, 616), (197, 625), (369, 632), (206, 644), (412, 654), (163, 661)
(287, 107), (297, 95), (301, 95), (305, 96), (283, 94), (278, 94), (274, 94), (314, 102), (272, 100), (296, 120), (280, 120), (355, 177), (230, 173), (427, 219), (166, 204), (415, 210), (144, 195), (413, 211), (135, 186), (402, 205), (144, 180), (401, 206), (149, 184), (323, 359), (252, 357), (349, 498), (219, 499), (381, 616), (197, 626), (369, 632), (207, 644), (412, 654), (163, 661)
(287, 108), (297, 96), (301, 96), (305, 96), (282, 95), (278, 95), (274, 95), (314, 103), (271, 100), (296, 121), (280, 121), (355, 176), (230, 172), (427, 217), (166, 202), (414, 211), (144, 197), (413, 211), (131, 190), (401, 206), (141, 185), (400, 207), (147, 189), (323, 360), (252, 359), (349, 498), (219, 501), (381, 616), (197, 627), (369, 632), (207, 644), (412, 654), (163, 662)
(287, 108), (296, 95), (301, 95), (305, 96), (282, 94), (278, 94), (273, 94), (314, 102), (271, 99), (296, 121), (279, 120), (355, 175), (229, 170), (427, 212), (166, 197), (418, 210), (141, 195), (417, 211), (127, 192), (405, 206), (138, 189), (403, 207), (146, 192), (323, 361), (252, 360), (350, 497), (220, 501), (381, 616), (197, 627), (369, 632), (207, 644), (412, 654), (164, 663)
(287, 108), (296, 95), (300, 96), (304, 96), (281, 95), (277, 95), (272, 95), (313, 102), (270, 100), (296, 121), (279, 121), (354, 173), (228, 169), (427, 208), (165, 195), (423, 211), (140, 192), (423, 214), (126, 195), (408, 210), (139, 192), (406, 210), (147, 194), (323, 361), (252, 361), (350, 497), (220, 501), (381, 616), (198, 625), (369, 632), (207, 643), (412, 654), (163, 661)
(286, 110), (295, 97), (300, 97), (304, 98), (280, 96), (276, 96), (271, 96), (312, 104), (269, 101), (295, 123), (277, 122), (354, 172), (227, 168), (427, 204), (162, 193), (424, 210), (139, 192), (424, 217), (125, 197), (409, 212), (140, 193), (406, 212), (148, 196), (323, 361), (252, 361), (350, 497), (221, 501), (381, 616), (198, 625), (369, 632), (206, 643), (412, 654), (163, 660)
(284, 111), (294, 98), (298, 98), (303, 98), (279, 97), (274, 97), (270, 97), (311, 104), (268, 102), (294, 123), (275, 123), (354, 172), (226, 168), (427, 202), (155, 192), (423, 211), (137, 191), (423, 219), (125, 199), (408, 214), (141, 196), (406, 213), (148, 197), (323, 361), (252, 362), (350, 497), (221, 501), (381, 616), (198, 625), (369, 632), (205, 643), (412, 653), (165, 660)
(280, 111), (290, 98), (295, 99), (300, 99), (275, 98), (271, 98), (268, 97), (309, 105), (267, 102), (291, 124), (272, 123), (353, 172), (226, 168), (427, 201), (153, 189), (422, 213), (136, 191), (422, 221), (124, 204), (408, 217), (141, 203), (405, 214), (148, 199), (323, 362), (252, 363), (350, 497), (221, 502), (381, 616), (198, 624), (370, 632), (204, 642), (412, 653), (165, 660)
(278, 113), (288, 99), (294, 99), (299, 99), (274, 98), (270, 98), (266, 97), (307, 105), (266, 102), (290, 125), (271, 124), (353, 172), (225, 168), (429, 201), (151, 190), (422, 215), (134, 192), (420, 230), (123, 212), (407, 224), (140, 211), (404, 219), (147, 206), (323, 362), (252, 364), (350, 497), (221, 502), (381, 615), (198, 623), (370, 632), (204, 641), (412, 653), (165, 659)
(279, 115), (288, 101), (294, 100), (299, 100), (274, 100), (269, 100), (266, 99), (307, 105), (265, 104), (290, 127), (271, 126), (353, 173), (224, 169), (430, 199), (148, 190), (421, 216), (133, 197), (417, 234), (121, 222), (405, 228), (139, 221), (402, 223), (146, 216), (323, 363), (252, 365), (350, 497), (221, 502), (381, 615), (198, 623), (370, 631), (204, 640), (412, 653), (165, 659)
(278, 118), (287, 104), (292, 103), (298, 103), (273, 104), (269, 103), (265, 102), (305, 107), (264, 106), (289, 130), (271, 130), (353, 173), (222, 169), (431, 198), (145, 190), (420, 217), (132, 203), (417, 237), (121, 230), (404, 231), (138, 229), (401, 225), (145, 224), (323, 363), (252, 365), (351, 497), (222, 502), (381, 615), (198, 623), (370, 631), (204, 640), (412, 653), (165, 659)
(277, 121), (286, 106), (291, 105), (297, 105), (272, 106), (268, 105), (265, 104), (304, 108), (263, 108), (288, 132), (270, 132), (352, 173), (221, 169), (431, 198), (143, 191), (420, 218), (131, 208), (416, 239), (121, 235), (404, 233), (138, 234), (401, 227), (145, 228), (323, 364), (252, 366), (351, 497), (222, 502), (381, 615), (198, 623), (370, 631), (204, 640), (412, 653), (165, 659)
(276, 122), (285, 107), (290, 107), (295, 107), (271, 107), (266, 106), (263, 105), (304, 110), (261, 109), (286, 134), (269, 133), (352, 173), (220, 170), (431, 197), (142, 191), (420, 219), (130, 212), (416, 241), (120, 239), (404, 235), (138, 239), (401, 229), (145, 233), (323, 364), (252, 366), (351, 497), (222, 502), (381, 615), (198, 623), (370, 631), (204, 641), (412, 653), (165, 659)
(276, 125), (285, 110), (290, 109), (295, 109), (270, 110), (266, 109), (263, 108), (303, 111), (259, 112), (286, 136), (269, 136), (351, 173), (218, 170), (431, 196), (142, 191), (419, 222), (129, 215), (416, 244), (120, 242), (404, 238), (138, 243), (401, 232), (145, 237), (323, 364), (252, 367), (351, 497), (222, 502), (381, 615), (198, 625), (370, 631), (203, 643), (413, 653), (164, 659)
(276, 130), (284, 115), (289, 114), (295, 113), (270, 115), (265, 115), (262, 114), (302, 114), (258, 116), (286, 142), (269, 142), (351, 173), (218, 172), (431, 196), (141, 191), (419, 226), (129, 219), (416, 248), (120, 246), (404, 243), (137, 246), (400, 236), (145, 240), (324, 364), (252, 367), (351, 498), (222, 502), (381, 615), (198, 625), (370, 631), (203, 643), (413, 653), (162, 659)
(275, 131), (283, 117), (289, 116), (294, 115), (269, 117), (264, 117), (261, 116), (302, 115), (257, 118), (285, 144), (268, 144), (350, 173), (217, 172), (431, 195), (140, 191), (418, 230), (129, 223), (415, 251), (120, 250), (403, 247), (137, 251), (400, 240), (144, 245), (324, 365), (252, 368), (351, 499), (222, 504), (381, 615), (198, 625), (368, 631), (203, 643), (413, 653), (160, 659)
(274, 132), (282, 117), (288, 117), (293, 116), (267, 118), (263, 118), (259, 117), (301, 116), (255, 119), (284, 145), (267, 146), (350, 175), (217, 174), (431, 196), (139, 192), (418, 231), (129, 227), (415, 252), (120, 254), (403, 249), (137, 255), (399, 242), (144, 249), (324, 366), (252, 368), (352, 501), (222, 505), (381, 615), (198, 625), (368, 631), (203, 643), (413, 654), (160, 661)
(273, 136), (281, 122), (286, 121), (292, 120), (266, 122), (262, 122), (258, 121), (300, 119), (255, 122), (282, 148), (266, 149), (350, 175), (216, 176), (431, 196), (136, 192), (417, 234), (128, 231), (415, 255), (120, 258), (403, 252), (137, 259), (399, 246), (144, 253), (324, 366), (252, 368), (352, 501), (222, 505), (381, 615), (198, 626), (367, 631), (203, 644), (413, 654), (162, 662)
(273, 139), (281, 124), (286, 123), (291, 123), (266, 125), (262, 125), (258, 124), (299, 122), (254, 125), (282, 151), (266, 152), (349, 177), (215, 178), (431, 196), (134, 192), (416, 238), (128, 234), (415, 259), (120, 262), (403, 256), (137, 263), (399, 251), (144, 256), (324, 366), (252, 369), (352, 501), (222, 506), (381, 615), (198, 627), (367, 631), (203, 645), (413, 654), (163, 663)
(272, 145), (280, 130), (285, 129), (290, 128), (265, 130), (261, 130), (258, 129), (298, 126), (253, 128), (282, 156), (266, 157), (348, 178), (214, 180), (431, 196), (132, 192), (415, 242), (128, 239), (414, 263), (120, 267), (402, 260), (137, 267), (399, 254), (144, 261), (325, 366), (253, 369), (352, 501), (222, 506), (381, 615), (198, 627), (368, 631), (203, 646), (413, 654), (163, 663)
(271, 148), (278, 133), (284, 132), (289, 132), (264, 134), (260, 134), (257, 133), (297, 129), (252, 132), (281, 159), (265, 161), (347, 179), (214, 181), (432, 196), (130, 192), (415, 247), (128, 244), (414, 267), (120, 272), (401, 264), (137, 272), (398, 259), (144, 266), (325, 366), (253, 369), (353, 502), (222, 506), (381, 616), (198, 626), (368, 632), (203, 645), (413, 655), (162, 664)
(270, 149), (278, 134), (283, 133), (288, 132), (264, 135), (259, 135), (256, 134), (296, 131), (251, 133), (280, 161), (264, 162), (346, 181), (214, 183), (432, 196), (129, 193), (415, 250), (128, 248), (414, 270), (120, 276), (400, 267), (137, 275), (397, 262), (143, 270), (325, 366), (253, 369), (353, 503), (222, 506), (381, 616), (198, 626), (368, 632), (204, 645), (413, 655), (161, 664)
(269, 154), (276, 139), (281, 138), (286, 137), (263, 141), (258, 140), (255, 140), (295, 134), (251, 136), (279, 164), (264, 165), (345, 182), (214, 185), (432, 197), (128, 195), (414, 254), (127, 252), (412, 276), (120, 280), (399, 272), (137, 279), (396, 267), (143, 273), (325, 366), (253, 369), (353, 503), (222, 506), (381, 616), (198, 625), (368, 632), (204, 644), (414, 655), (159, 664)
(268, 156), (275, 142), (279, 141), (285, 140), (262, 144), (258, 143), (254, 143), (293, 136), (251, 140), (278, 166), (263, 167), (345, 183), (214, 187), (432, 198), (127, 196), (414, 258), (127, 256), (411, 280), (120, 284), (398, 277), (137, 282), (396, 271), (143, 277), (326, 366), (253, 369), (353, 503), (222, 506), (381, 616), (198, 625), (368, 632), (203, 645), (414, 655), (158, 664)
(267, 161), (274, 147), (279, 146), (284, 144), (261, 148), (257, 148), (254, 148), (293, 140), (250, 144), (277, 170), (262, 171), (344, 184), (214, 189), (432, 199), (126, 198), (414, 260), (127, 260), (411, 282), (120, 288), (398, 280), (137, 287), (396, 274), (143, 281), (326, 367), (253, 369), (353, 503), (222, 506), (381, 616), (197, 626), (368, 632), (203, 646), (414, 655), (156, 665)
(267, 164), (274, 150), (279, 149), (284, 147), (260, 151), (257, 151), (253, 150), (292, 142), (250, 147), (277, 173), (262, 174), (344, 185), (214, 191), (432, 200), (124, 200), (414, 262), (127, 264), (411, 286), (120, 292), (398, 283), (137, 290), (396, 277), (143, 284), (326, 367), (253, 370), (353, 503), (222, 506), (381, 617), (197, 626), (368, 632), (204, 647), (414, 655), (156, 665)
(267, 167), (273, 153), (278, 152), (283, 150), (260, 154), (256, 154), (253, 153), (292, 144), (249, 149), (276, 176), (262, 177), (343, 187), (214, 192), (432, 201), (124, 202), (414, 264), (127, 270), (410, 289), (120, 297), (398, 285), (137, 295), (396, 279), (143, 288), (326, 367), (253, 370), (354, 503), (222, 506), (381, 617), (197, 626), (368, 632), (204, 647), (415, 656), (156, 665)
(267, 171), (273, 156), (278, 154), (283, 153), (260, 158), (256, 157), (252, 157), (292, 146), (249, 153), (276, 178), (262, 179), (343, 187), (214, 193), (432, 202), (123, 204), (414, 267), (127, 273), (410, 292), (120, 300), (397, 288), (138, 299), (395, 281), (143, 291), (326, 367), (253, 370), (354, 503), (222, 505), (381, 617), (198, 626), (368, 632), (204, 647), (415, 655), (156, 664)
(267, 174), (273, 160), (278, 158), (283, 157), (260, 161), (256, 161), (252, 160), (292, 149), (249, 156), (276, 182), (262, 182), (343, 189), (214, 194), (432, 204), (123, 206), (414, 269), (128, 275), (409, 294), (121, 302), (397, 290), (138, 301), (395, 283), (144, 293), (326, 367), (253, 371), (354, 503), (222, 505), (381, 617), (198, 626), (369, 632), (204, 647), (415, 655), (157, 664)
(266, 179), (273, 165), (278, 163), (283, 161), (259, 166), (255, 165), (252, 165), (291, 153), (248, 158), (276, 186), (262, 186), (342, 191), (214, 195), (433, 206), (123, 208), (414, 273), (128, 277), (409, 299), (122, 305), (397, 295), (139, 304), (395, 287), (144, 296), (326, 367), (254, 371), (354, 504), (222, 505), (381, 617), (198, 627), (369, 632), (204, 648), (415, 655), (157, 664)
(264, 184), (271, 170), (276, 168), (281, 166), (258, 171), (254, 170), (251, 169), (291, 157), (247, 162), (274, 190), (261, 190), (341, 193), (214, 196), (434, 208), (122, 210), (414, 277), (128, 279), (410, 304), (122, 307), (397, 300), (139, 307), (395, 291), (145, 299), (326, 367), (254, 371), (354, 504), (222, 504), (381, 617), (197, 627), (369, 632), (203, 648), (415, 655), (162, 668)
(264, 192), (271, 176), (276, 174), (281, 172), (258, 178), (254, 176), (250, 175), (291, 162), (247, 167), (274, 197), (261, 197), (340, 196), (213, 199), (434, 211), (122, 211), (414, 282), (129, 283), (409, 309), (123, 311), (397, 305), (140, 311), (395, 296), (145, 303), (326, 367), (254, 371), (354, 503), (222, 504), (380, 617), (198, 627), (369, 632), (204, 648), (415, 655), (162, 668)
(264, 197), (270, 182), (275, 180), (280, 178), (257, 183), (253, 182), (250, 180), (290, 167), (246, 172), (274, 201), (260, 201), (338, 198), (213, 201), (434, 213), (122, 213), (414, 285), (129, 286), (409, 312), (125, 314), (397, 308), (141, 314), (395, 300), (146, 305), (326, 367), (254, 371), (354, 503), (222, 503), (380, 618), (198, 627), (369, 633), (204, 648), (415, 655), (165, 668)
(264, 201), (270, 185), (275, 183), (280, 181), (257, 186), (253, 185), (249, 183), (290, 171), (245, 175), (273, 204), (260, 204), (338, 202), (212, 203), (434, 215), (122, 217), (413, 288), (130, 290), (409, 314), (127, 319), (396, 311), (143, 318), (395, 303), (148, 309), (326, 367), (254, 371), (354, 503), (222, 502), (380, 618), (198, 627), (369, 633), (204, 647), (415, 656), (164, 667)
(264, 207), (270, 191), (275, 189), (280, 186), (257, 192), (253, 191), (249, 189), (290, 176), (244, 180), (274, 209), (260, 210), (338, 204), (211, 205), (434, 218), (122, 222), (413, 292), (131, 295), (408, 318), (128, 326), (396, 316), (145, 323), (394, 309), (150, 314), (326, 367), (254, 371), (354, 502), (222, 501), (380, 618), (198, 627), (369, 633), (204, 647), (415, 656), (165, 666)
(264, 213), (270, 199), (275, 196), (280, 194), (257, 199), (253, 197), (249, 195), (290, 181), (242, 185), (273, 214), (259, 214), (338, 207), (210, 209), (434, 221), (122, 226), (413, 296), (132, 304), (407, 323), (129, 334), (395, 320), (146, 330), (394, 313), (151, 322), (327, 367), (254, 371), (354, 502), (222, 499), (380, 617), (198, 627), (369, 633), (205, 646), (416, 656), (166, 665)
(264, 216), (270, 203), (275, 201), (280, 198), (257, 204), (253, 202), (249, 199), (290, 185), (241, 189), (273, 218), (259, 218), (338, 209), (210, 212), (434, 225), (122, 229), (412, 302), (133, 306), (406, 328), (131, 335), (394, 325), (148, 332), (393, 318), (153, 324), (327, 367), (254, 371), (354, 501), (223, 497), (380, 617), (198, 626), (369, 633), (205, 646), (416, 656), (167, 664)
(264, 219), (270, 206), (275, 204), (281, 202), (257, 207), (253, 205), (249, 203), (290, 189), (241, 193), (273, 220), (259, 221), (338, 212), (210, 216), (434, 227), (122, 232), (411, 305), (134, 310), (404, 331), (131, 340), (393, 328), (149, 336), (392, 321), (153, 328), (327, 367), (254, 372), (354, 501), (223, 497), (380, 617), (198, 627), (369, 632), (205, 646), (416, 656), (168, 664)
(264, 221), (270, 209), (275, 207), (281, 205), (257, 209), (253, 207), (249, 204), (290, 192), (240, 195), (273, 223), (259, 223), (337, 215), (210, 218), (433, 231), (122, 234), (411, 309), (134, 312), (404, 336), (131, 343), (393, 332), (149, 339), (392, 325), (154, 330), (327, 368), (254, 372), (354, 501), (223, 497), (380, 617), (198, 627), (369, 633), (205, 646), (416, 656), (169, 664)
(264, 226), (270, 215), (275, 213), (280, 211), (257, 215), (253, 213), (249, 211), (290, 198), (240, 200), (273, 227), (259, 227), (337, 217), (209, 221), (433, 235), (122, 237), (411, 312), (134, 316), (404, 340), (132, 346), (392, 335), (149, 342), (391, 327), (154, 334), (327, 368), (254, 372), (354, 501), (224, 496), (380, 617), (197, 627), (369, 633), (205, 645), (416, 655), (170, 664)
(263, 229), (269, 219), (275, 217), (280, 215), (257, 219), (252, 217), (248, 215), (289, 201), (239, 205), (273, 230), (259, 230), (337, 220), (209, 224), (433, 239), (121, 241), (410, 315), (134, 320), (403, 344), (132, 350), (392, 338), (150, 346), (391, 330), (155, 337), (327, 369), (254, 373), (354, 501), (224, 496), (379, 617), (196, 627), (369, 634), (204, 645), (416, 656), (170, 665)
(263, 232), (269, 222), (274, 220), (279, 218), (257, 222), (252, 220), (248, 218), (289, 204), (239, 208), (273, 232), (259, 233), (336, 223), (208, 227), (432, 244), (121, 245), (410, 320), (135, 324), (403, 348), (133, 354), (392, 343), (150, 350), (391, 335), (155, 341), (327, 370), (254, 374), (354, 501), (224, 496), (378, 617), (196, 629), (368, 635), (204, 646), (416, 656), (168, 665)
(263, 236), (268, 227), (273, 225), (278, 224), (256, 227), (252, 225), (248, 223), (287, 211), (239, 214), (272, 237), (259, 238), (336, 228), (208, 230), (432, 248), (121, 249), (408, 324), (135, 328), (402, 353), (134, 358), (390, 348), (150, 355), (389, 339), (155, 346), (327, 370), (255, 374), (353, 501), (224, 496), (378, 617), (195, 629), (368, 635), (204, 646), (415, 656), (168, 665)
(263, 234), (268, 224), (272, 222), (277, 221), (256, 224), (252, 222), (248, 221), (287, 209), (239, 214), (272, 235), (259, 236), (336, 232), (208, 234), (432, 253), (121, 252), (407, 330), (135, 333), (400, 357), (134, 363), (388, 352), (150, 361), (387, 345), (155, 351), (327, 370), (255, 374), (353, 501), (224, 496), (378, 617), (195, 629), (368, 635), (204, 646), (415, 655), (168, 665)
(263, 241), (268, 232), (272, 230), (277, 228), (256, 232), (252, 231), (248, 229), (287, 217), (239, 222), (272, 243), (259, 244), (336, 236), (208, 238), (432, 258), (120, 258), (405, 336), (135, 340), (399, 361), (135, 371), (387, 356), (151, 368), (386, 349), (156, 358), (328, 370), (255, 374), (353, 499), (224, 496), (378, 617), (194, 629), (369, 635), (202, 646), (415, 655), (169, 665)
(261, 252), (266, 243), (271, 241), (275, 239), (254, 243), (250, 241), (246, 239), (286, 229), (237, 230), (270, 251), (256, 253), (336, 240), (207, 244), (431, 260), (119, 263), (403, 341), (135, 347), (397, 367), (137, 379), (385, 362), (152, 376), (384, 355), (156, 365), (328, 370), (255, 374), (353, 497), (224, 495), (378, 617), (192, 630), (369, 635), (195, 646), (415, 655), (169, 665)
(259, 259), (264, 251), (269, 249), (274, 247), (252, 250), (248, 248), (244, 246), (285, 235), (236, 236), (268, 258), (254, 259), (336, 243), (207, 246), (430, 263), (119, 268), (402, 345), (136, 352), (396, 370), (139, 384), (385, 366), (154, 380), (383, 359), (157, 371), (328, 370), (255, 374), (353, 497), (224, 493), (378, 617), (191, 630), (369, 635), (195, 647), (415, 655), (166, 665)
(258, 263), (263, 254), (267, 252), (272, 250), (251, 253), (246, 251), (242, 249), (284, 238), (234, 240), (267, 263), (253, 264), (335, 249), (206, 250), (429, 267), (119, 273), (401, 348), (137, 356), (396, 374), (141, 386), (384, 369), (155, 383), (382, 363), (158, 374), (328, 369), (255, 373), (353, 496), (225, 492), (378, 617), (191, 630), (370, 635), (195, 646), (415, 655), (169, 664)
(257, 265), (262, 256), (267, 254), (272, 251), (250, 255), (246, 254), (241, 252), (284, 240), (234, 243), (267, 266), (252, 267), (335, 255), (206, 254), (429, 269), (119, 277), (401, 352), (137, 360), (396, 377), (142, 389), (385, 373), (157, 385), (382, 366), (159, 376), (328, 368), (254, 372), (353, 496), (225, 491), (378, 616), (191, 630), (370, 635), (195, 646), (415, 655), (174, 665)
(256, 269), (261, 260), (267, 258), (272, 256), (249, 260), (245, 258), (240, 255), (284, 243), (233, 245), (266, 270), (251, 270), (335, 257), (206, 260), (430, 272), (118, 283), (401, 354), (137, 365), (396, 380), (143, 395), (385, 375), (158, 389), (382, 369), (161, 381), (328, 367), (253, 371), (353, 495), (225, 490), (378, 616), (191, 630), (370, 635), (195, 646), (415, 655), (174, 665)
(255, 270), (261, 260), (266, 258), (272, 256), (248, 260), (244, 259), (240, 256), (284, 243), (233, 246), (265, 270), (251, 271), (335, 257), (206, 261), (431, 275), (118, 286), (403, 359), (138, 369), (396, 385), (144, 398), (385, 380), (159, 392), (384, 373), (162, 384), (328, 367), (253, 370), (352, 495), (225, 490), (378, 616), (191, 630), (370, 635), (195, 646), (415, 654), (176, 665)
(255, 268), (261, 259), (267, 257), (273, 254), (249, 259), (245, 258), (240, 256), (285, 242), (233, 246), (266, 268), (251, 270), (335, 256), (206, 261), (431, 278), (118, 288), (403, 363), (140, 372), (397, 390), (146, 400), (387, 385), (160, 394), (386, 377), (163, 386), (328, 367), (253, 370), (352, 495), (226, 490), (378, 616), (191, 629), (370, 635), (195, 646), (415, 654), (177, 664)
(255, 265), (261, 256), (267, 254), (273, 251), (249, 256), (245, 254), (240, 252), (285, 239), (233, 243), (266, 266), (251, 267), (337, 256), (207, 259), (432, 279), (118, 288), (404, 363), (141, 371), (398, 390), (147, 400), (388, 385), (161, 394), (387, 377), (164, 387), (328, 367), (253, 369), (352, 495), (226, 490), (378, 615), (191, 629), (370, 635), (195, 647), (415, 654), (178, 665)
(255, 264), (261, 255), (267, 253), (273, 250), (248, 254), (244, 253), (240, 251), (285, 239), (233, 242), (266, 266), (251, 266), (337, 257), (207, 259), (432, 280), (118, 287), (405, 363), (142, 371), (399, 389), (148, 400), (389, 384), (163, 394), (388, 377), (165, 386), (328, 367), (253, 369), (352, 495), (226, 490), (378, 615), (191, 629), (370, 634), (195, 647), (416, 654), (178, 665)
(255, 264), (261, 254), (267, 252), (273, 250), (249, 254), (244, 252), (240, 250), (285, 238), (234, 241), (266, 265), (251, 265), (338, 257), (208, 259), (432, 280), (118, 286), (406, 363), (142, 370), (400, 389), (149, 399), (390, 384), (163, 393), (389, 377), (166, 385), (328, 367), (253, 369), (352, 495), (227, 489), (378, 615), (192, 629), (370, 634), (195, 647), (416, 654), (178, 665)
(256, 263), (261, 254), (267, 252), (273, 249), (249, 254), (245, 252), (240, 250), (285, 237), (234, 240), (266, 264), (251, 264), (338, 257), (208, 259), (432, 279), (118, 286), (406, 362), (142, 369), (400, 389), (148, 398), (391, 385), (163, 393), (389, 377), (166, 384), (328, 367), (253, 369), (352, 495), (228, 489), (378, 614), (192, 629), (370, 634), (195, 647), (416, 654), (178, 665)
(256, 263), (261, 254), (267, 251), (273, 249), (249, 254), (245, 252), (240, 250), (285, 237), (234, 240), (266, 263), (251, 264), (338, 257), (208, 259), (432, 279), (119, 286), (407, 362), (142, 368), (401, 389), (148, 398), (391, 384), (163, 392), (390, 377), (165, 384), (328, 367), (253, 369), (352, 495), (228, 489), (378, 614), (192, 629), (370, 633), (196, 647), (415, 654), (176, 664)
(256, 262), (261, 253), (267, 251), (273, 248), (249, 253), (245, 251), (240, 249), (285, 237), (234, 240), (266, 264), (251, 264), (338, 257), (209, 259), (432, 280), (119, 286), (407, 362), (142, 367), (401, 389), (148, 398), (391, 385), (163, 392), (390, 377), (165, 384), (328, 367), (253, 369), (352, 495), (228, 488), (378, 614), (192, 629), (370, 633), (196, 647), (415, 654), (174, 664)
(256, 262), (262, 253), (267, 251), (273, 248), (249, 252), (245, 250), (240, 249), (285, 237), (234, 240), (266, 264), (251, 264), (339, 257), (209, 259), (432, 279), (119, 286), (407, 362), (142, 367), (401, 389), (148, 398), (391, 384), (163, 393), (390, 376), (165, 384), (328, 367), (253, 369), (352, 495), (228, 488), (378, 614), (192, 629), (370, 633), (196, 646), (415, 654), (173, 664)
(256, 262), (262, 252), (267, 251), (273, 249), (249, 252), (244, 250), (240, 248), (285, 238), (234, 240), (266, 264), (251, 264), (339, 257), (209, 259), (432, 279), (119, 285), (407, 362), (142, 367), (401, 388), (148, 398), (392, 384), (163, 392), (390, 376), (165, 384), (328, 366), (253, 368), (352, 495), (228, 488), (378, 614), (192, 629), (370, 634), (196, 646), (415, 654), (172, 663)
(255, 263), (261, 253), (267, 252), (273, 250), (248, 252), (244, 250), (240, 249), (285, 239), (234, 240), (266, 265), (251, 264), (339, 257), (209, 259), (432, 271), (119, 285), (406, 355), (142, 367), (402, 381), (147, 397), (391, 379), (162, 392), (390, 372), (165, 384), (328, 366), (253, 368), (352, 495), (228, 488), (378, 614), (192, 629), (370, 634), (196, 646), (415, 654), (171, 663)
(325, 380), (333, 358), (340, 356), (348, 354), (310, 360), (303, 360), (296, 359), (361, 337), (279, 345), (340, 384), (316, 390), (412, 344), (215, 362), (510, 405), (120, 456), (531, 536), (111, 567), (544, 571), (114, 608), (515, 572), (142, 603), (509, 562), (150, 591), (374, 415), (261, 430), (437, 468), (225, 491), (399, 514), (250, 529), (383, 513), (263, 528), (415, 568), (249, 575)
(325, 385), (336, 365), (345, 363), (354, 359), (311, 366), (302, 365), (294, 363), (369, 339), (274, 341), (340, 389), (313, 391), (420, 348), (212, 365), (550, 375), (72, 432), (532, 514), (106, 573), (545, 556), (107, 617), (518, 552), (137, 610), (508, 541), (144, 596), (372, 494), (260, 496), (447, 640), (209, 630), (401, 744), (226, 738), (383, 750), (237, 753), (416, 816), (214, 800)
(324, 400), (336, 386), (344, 385), (351, 383), (312, 385), (304, 382), (295, 378), (368, 360), (277, 350), (336, 404), (311, 404), (428, 348), (207, 361), (562, 353), (59, 424), (533, 491), (100, 571), (548, 530), (100, 618), (517, 529), (134, 609), (505, 518), (141, 596), (367, 537), (257, 532), (421, 684), (205, 656), (368, 727), (221, 696), (348, 723), (230, 702), (368, 792), (209, 747)
(331, 406), (341, 399), (348, 397), (356, 394), (320, 398), (311, 395), (302, 391), (371, 366), (280, 357), (341, 406), (317, 404), (425, 347), (204, 365), (558, 331), (54, 425), (531, 468), (97, 574), (549, 509), (99, 621), (517, 510), (133, 614), (504, 497), (140, 600), (370, 549), (255, 543), (426, 722), (209, 671), (346, 698), (217, 690), (326, 688), (224, 691), (328, 749), (212, 730)
(331, 401), (342, 393), (350, 391), (357, 388), (319, 390), (309, 388), (300, 385), (372, 358), (278, 356), (342, 401), (316, 400), (427, 330), (203, 360), (547, 307), (47, 418), (532, 445), (93, 571), (552, 485), (95, 622), (519, 486), (129, 614), (507, 475), (136, 601), (369, 547), (253, 543), (421, 714), (205, 661), (354, 739), (219, 711), (328, 728), (224, 713), (359, 802), (224, 760)
(340, 394), (349, 383), (356, 381), (363, 377), (328, 382), (320, 380), (311, 377), (374, 351), (286, 353), (349, 393), (325, 393), (425, 320), (202, 364), (538, 273), (47, 417), (531, 437), (91, 565), (551, 470), (92, 615), (519, 470), (124, 609), (508, 459), (132, 596), (371, 544), (253, 543), (412, 698), (207, 665), (357, 727), (221, 719), (329, 717), (224, 721), (362, 785), (233, 769)
(339, 392), (347, 381), (355, 378), (362, 375), (327, 380), (319, 378), (310, 376), (375, 350), (289, 352), (350, 388), (324, 388), (423, 316), (202, 360), (527, 243), (46, 414), (526, 405), (92, 564), (546, 454), (92, 613), (521, 460), (123, 609), (511, 451), (130, 595), (375, 540), (255, 542), (410, 700), (207, 664), (367, 725), (229, 728), (342, 710), (232, 728), (360, 782), (246, 780)
(338, 398), (347, 388), (354, 385), (362, 381), (326, 389), (318, 388), (309, 385), (376, 352), (286, 359), (349, 395), (323, 395), (422, 313), (203, 359), (520, 223), (47, 413), (523, 381), (92, 564), (541, 428), (92, 614), (519, 434), (121, 609), (508, 426), (129, 596), (378, 543), (256, 543), (411, 705), (208, 688), (367, 718), (237, 722), (347, 701), (239, 719), (347, 772), (259, 768)
(340, 398), (349, 387), (356, 383), (364, 379), (327, 390), (318, 389), (310, 387), (378, 349), (286, 361), (351, 394), (325, 395), (420, 311), (205, 361), (518, 204), (48, 412), (521, 356), (92, 561), (536, 401), (93, 611), (514, 408), (123, 607), (502, 397), (131, 593), (379, 543), (267, 546), (410, 690), (215, 669), (381, 732), (244, 726), (367, 720), (248, 725), (353, 793), (256, 782)
(344, 394), (352, 382), (360, 378), (367, 374), (331, 384), (323, 383), (314, 382), (380, 347), (288, 358), (354, 393), (329, 395), (419, 300), (207, 358), (519, 194), (48, 412), (521, 350), (93, 560), (535, 389), (93, 611), (511, 396), (124, 608), (499, 385), (132, 593), (377, 542), (265, 543), (411, 702), (212, 674), (381, 738), (238, 728), (367, 726), (242, 726), (356, 798), (247, 779)
(346, 393), (354, 380), (362, 376), (369, 372), (333, 382), (325, 381), (317, 379), (382, 345), (292, 354), (355, 392), (331, 393), (418, 291), (209, 356), (520, 190), (50, 412), (524, 347), (93, 558), (537, 386), (91, 610), (514, 394), (124, 607), (503, 382), (132, 592), (376, 540), (264, 543), (411, 704), (212, 687), (381, 759), (238, 752), (368, 747), (243, 750), (359, 824), (250, 810)
(344, 389), (354, 376), (361, 373), (368, 369), (333, 379), (326, 377), (318, 375), (380, 342), (293, 350), (353, 387), (330, 388), (416, 287), (210, 358), (519, 193), (51, 412), (525, 345), (92, 556), (537, 387), (89, 609), (516, 394), (123, 605), (506, 383), (131, 590), (375, 543), (264, 546), (423, 719), (211, 680), (388, 778), (237, 759), (377, 770), (241, 760), (365, 851), (246, 819)
(342, 393), (352, 381), (360, 378), (368, 373), (330, 383), (322, 381), (314, 379), (380, 344), (291, 351), (352, 389), (327, 390), (419, 287), (210, 360), (518, 194), (52, 412), (524, 349), (92, 555), (536, 391), (89, 609), (513, 396), (124, 604), (502, 385), (131, 590), (375, 547), (263, 550), (419, 703), (212, 682), (389, 762), (236, 770), (377, 754), (240, 771), (366, 828), (252, 830)
(340, 392), (351, 381), (358, 378), (366, 374), (328, 383), (320, 381), (313, 379), (379, 344), (290, 352), (350, 389), (325, 390), (419, 287), (209, 360), (518, 194), (51, 412), (524, 349), (93, 556), (536, 394), (90, 610), (513, 399), (124, 605), (503, 388), (131, 591), (376, 547), (264, 552), (418, 696), (212, 673), (394, 751), (236, 760), (384, 743), (239, 761), (368, 815), (253, 822)
(339, 392), (350, 381), (357, 377), (365, 373), (328, 383), (320, 381), (312, 379), (377, 343), (291, 352), (349, 387), (324, 388), (420, 287), (209, 361), (518, 196), (51, 410), (523, 352), (92, 554), (536, 397), (88, 608), (514, 401), (123, 602), (503, 391), (130, 588), (376, 550), (265, 552), (417, 692), (215, 668), (393, 733), (240, 737), (382, 719), (241, 732), (365, 793), (256, 797)
(338, 391), (349, 380), (356, 376), (364, 372), (327, 381), (319, 379), (312, 377), (376, 343), (291, 351), (349, 388), (323, 389), (420, 288), (209, 362), (519, 200), (50, 409), (524, 353), (90, 552), (538, 399), (83, 604), (515, 403), (118, 599), (504, 392), (127, 585), (379, 551), (266, 552), (416, 694), (211, 668), (401, 747), (236, 730), (393, 737), (239, 725), (381, 813), (249, 792)
(338, 390), (348, 379), (356, 375), (364, 372), (326, 380), (319, 378), (311, 376), (376, 343), (290, 350), (348, 387), (323, 388), (423, 288), (210, 361), (521, 201), (51, 403), (525, 355), (86, 547), (539, 399), (74, 600), (515, 403), (108, 597), (504, 393), (121, 585), (381, 552), (269, 551), (415, 692), (214, 667), (390, 726), (246, 718), (383, 710), (249, 713), (359, 786), (265, 774)
(336, 390), (347, 378), (355, 375), (363, 371), (324, 379), (317, 378), (309, 376), (376, 343), (289, 349), (347, 386), (321, 387), (427, 291), (210, 360), (523, 202), (51, 385), (526, 357), (77, 526), (540, 405), (61, 582), (516, 407), (97, 580), (504, 398), (111, 568), (382, 555), (269, 553), (415, 698), (218, 665), (390, 735), (247, 729), (382, 723), (249, 727), (360, 801), (262, 788)
(332, 389), (344, 377), (353, 374), (361, 371), (321, 379), (313, 377), (306, 375), (375, 343), (287, 349), (344, 386), (317, 386), (431, 292), (207, 349), (525, 204), (49, 364), (527, 359), (70, 513), (543, 410), (47, 564), (517, 412), (84, 567), (505, 403), (102, 554), (382, 555), (269, 552), (412, 697), (223, 668), (390, 736), (246, 736), (382, 725), (249, 736), (360, 801), (260, 794)
(331, 388), (343, 375), (352, 373), (360, 370), (320, 375), (313, 372), (305, 369), (375, 344), (286, 347), (342, 386), (315, 386), (434, 296), (207, 345), (526, 205), (47, 340), (528, 362), (61, 495), (543, 413), (35, 540), (517, 413), (71, 544), (505, 405), (89, 530), (383, 557), (266, 557), (411, 695), (225, 675), (392, 764), (245, 762), (386, 760), (248, 763), (369, 835), (258, 827)
(330, 386), (343, 373), (351, 371), (360, 368), (320, 373), (311, 370), (303, 367), (375, 344), (282, 346), (342, 385), (314, 386), (432, 299), (206, 343), (527, 205), (45, 315), (528, 362), (51, 471), (543, 414), (22, 515), (516, 414), (56, 517), (505, 405), (72, 504), (382, 558), (261, 558), (410, 701), (224, 673), (392, 765), (241, 758), (386, 758), (244, 757), (369, 833), (248, 823)
(328, 386), (342, 374), (350, 372), (359, 369), (318, 373), (310, 371), (302, 368), (375, 344), (281, 346), (340, 385), (313, 385), (433, 299), (206, 334), (528, 208), (46, 294), (528, 366), (46, 443), (542, 416), (16, 488), (516, 416), (51, 493), (504, 407), (67, 480), (382, 559), (262, 557), (410, 703), (227, 674), (383, 760), (242, 752), (378, 757), (245, 752), (352, 830), (250, 815)
(327, 390), (341, 380), (350, 377), (359, 374), (317, 378), (309, 374), (301, 370), (375, 347), (281, 347), (339, 386), (312, 385), (436, 299), (207, 327), (527, 209), (53, 271), (528, 374), (47, 425), (542, 420), (17, 468), (516, 419), (54, 473), (504, 411), (70, 462), (382, 560), (265, 557), (410, 707), (229, 683), (376, 757), (250, 772), (370, 753), (256, 775), (337, 824), (266, 835)
(323, 390), (338, 381), (346, 379), (356, 377), (315, 379), (308, 375), (301, 370), (372, 350), (281, 347), (336, 385), (311, 383), (435, 299), (207, 316), (527, 215), (61, 255), (527, 382), (50, 413), (542, 425), (23, 456), (515, 425), (59, 459), (504, 417), (74, 450), (379, 559), (265, 558), (410, 707), (227, 681), (365, 768), (267, 808), (358, 755), (276, 813), (325, 835), (291, 880)
(322, 390), (337, 381), (346, 379), (355, 377), (314, 379), (307, 375), (300, 370), (372, 350), (280, 347), (335, 385), (309, 382), (434, 298), (207, 309), (526, 219), (68, 250), (528, 385), (53, 400), (542, 431), (27, 445), (516, 431), (62, 447), (505, 422), (77, 440), (378, 559), (264, 557), (410, 708), (226, 680), (368, 764), (262, 789), (360, 752), (269, 792), (334, 830), (284, 855)
(320, 387), (335, 379), (345, 377), (354, 376), (312, 375), (305, 371), (298, 367), (371, 350), (279, 341), (333, 383), (307, 379), (433, 299), (207, 308), (526, 220), (71, 248), (528, 387), (54, 397), (542, 434), (29, 443), (516, 434), (63, 445), (505, 425), (78, 439), (378, 558), (260, 557), (410, 709), (221, 682), (377, 767), (255, 782), (371, 755), (263, 785), (347, 837), (281, 846)
(315, 387), (331, 377), (340, 376), (349, 373), (308, 373), (302, 368), (296, 363), (366, 348), (279, 339), (329, 383), (305, 378), (433, 299), (207, 310), (537, 220), (70, 251), (535, 385), (51, 395), (545, 433), (30, 442), (519, 433), (63, 443), (508, 424), (76, 436), (376, 559), (259, 556), (410, 714), (216, 691), (377, 769), (253, 784), (372, 753), (261, 784), (347, 836), (276, 847)
(316, 387), (331, 377), (340, 375), (349, 372), (309, 372), (302, 368), (296, 363), (367, 348), (279, 337), (329, 383), (305, 378), (432, 300), (210, 310), (541, 225), (69, 250), (538, 389), (49, 397), (548, 436), (30, 443), (523, 436), (61, 446), (512, 426), (73, 437), (375, 559), (256, 556), (411, 719), (213, 705), (382, 775), (245, 780), (375, 759), (255, 778), (361, 840), (268, 844)
(316, 371), (329, 358), (335, 354), (342, 352), (309, 355), (304, 350), (298, 354), (354, 330), (287, 329), (326, 366), (305, 363), (428, 301), (210, 312), (541, 229), (68, 256), (539, 390), (48, 398), (548, 439), (31, 445), (524, 438), (60, 447), (513, 428), (72, 439), (373, 560), (256, 557), (411, 719), (204, 704), (377, 774), (245, 776), (370, 755), (255, 770), (349, 832), (265, 836)
(316, 363), (329, 344), (336, 342), (344, 340), (309, 340), (303, 336), (297, 333), (356, 321), (285, 318), (327, 363), (305, 358), (426, 304), (209, 313), (541, 232), (69, 257), (540, 391), (48, 400), (549, 440), (29, 449), (523, 438), (60, 450), (513, 429), (73, 441), (373, 563), (254, 559), (411, 718), (207, 702), (382, 773), (234, 752), (377, 762), (244, 749), (365, 834), (241, 803)
(317, 367), (329, 345), (338, 342), (346, 342), (309, 342), (303, 337), (297, 335), (360, 325), (284, 321), (328, 365), (306, 360), (428, 304), (207, 311), (541, 233), (68, 258), (540, 392), (48, 401), (549, 440), (29, 449), (523, 439), (61, 451), (513, 429), (74, 442), (373, 563), (255, 558), (412, 718), (210, 695), (383, 772), (235, 754), (377, 760), (245, 750), (364, 834), (247, 806)
(317, 367), (330, 347), (338, 344), (346, 344), (309, 345), (303, 341), (297, 340), (360, 326), (283, 323), (329, 367), (306, 362), (428, 304), (206, 312), (542, 234), (68, 259), (540, 392), (48, 401), (549, 441), (29, 449), (523, 439), (61, 451), (513, 430), (74, 442), (374, 564), (255, 558), (412, 716), (211, 689), (388, 765), (234, 749), (383, 754), (242, 748), (367, 828), (247, 802)
(317, 368), (330, 352), (338, 349), (346, 348), (309, 349), (303, 345), (297, 343), (360, 327), (281, 324), (329, 368), (306, 363), (428, 304), (205, 312), (543, 234), (68, 259), (540, 392), (48, 402), (550, 440), (29, 450), (524, 439), (62, 452), (513, 430), (74, 443), (374, 565), (254, 559), (413, 715), (211, 686), (393, 765), (231, 743), (387, 754), (238, 743), (373, 828), (240, 795)
(318, 369), (330, 354), (338, 351), (346, 350), (309, 352), (303, 348), (296, 345), (361, 328), (280, 325), (329, 369), (306, 363), (429, 304), (204, 313), (545, 235), (67, 259), (541, 393), (48, 402), (550, 441), (29, 450), (524, 439), (62, 452), (513, 430), (75, 443), (375, 565), (254, 559), (413, 715), (210, 696), (392, 756), (232, 740), (386, 742), (239, 738), (372, 817), (242, 791)
(318, 370), (330, 355), (338, 352), (347, 350), (309, 353), (302, 349), (296, 346), (361, 326), (279, 323), (329, 368), (306, 364), (429, 303), (204, 312), (546, 236), (67, 259), (542, 392), (48, 401), (550, 441), (29, 450), (524, 439), (62, 451), (514, 430), (75, 441), (376, 564), (255, 559), (414, 711), (209, 698), (392, 755), (230, 740), (386, 740), (237, 737), (373, 815), (238, 791)
(318, 360), (330, 347), (338, 344), (347, 342), (309, 343), (302, 339), (296, 335), (360, 315), (279, 312), (330, 360), (306, 355), (428, 303), (204, 316), (548, 235), (67, 259), (544, 390), (48, 400), (550, 439), (30, 449), (524, 437), (62, 450), (515, 427), (75, 441), (378, 566), (256, 560), (414, 719), (214, 699), (396, 762), (231, 743), (391, 756), (238, 745), (378, 825), (233, 793)
(317, 351), (327, 334), (335, 330), (342, 324), (307, 333), (301, 330), (295, 327), (350, 295), (278, 304), (328, 351), (306, 348), (424, 298), (204, 318), (548, 235), (66, 260), (545, 382), (47, 400), (551, 432), (30, 449), (525, 429), (62, 449), (515, 419), (75, 440), (378, 566), (258, 561), (415, 710), (215, 692), (396, 762), (236, 757), (391, 755), (241, 761), (377, 825), (239, 817)
(317, 349), (326, 331), (334, 328), (341, 322), (307, 331), (301, 328), (295, 325), (348, 292), (277, 303), (328, 349), (306, 347), (422, 296), (204, 319), (548, 234), (65, 260), (546, 378), (46, 400), (552, 428), (30, 449), (525, 425), (62, 448), (515, 415), (74, 440), (378, 566), (259, 561), (414, 709), (218, 692), (395, 772), (238, 774), (390, 765), (243, 780), (377, 835), (242, 836)
(305, 326), (314, 304), (322, 300), (329, 296), (295, 304), (289, 301), (282, 298), (339, 269), (265, 277), (318, 327), (296, 327), (419, 283), (203, 310), (550, 226), (62, 260), (548, 365), (46, 394), (553, 413), (30, 443), (526, 411), (62, 442), (518, 400), (74, 432), (378, 562), (258, 558), (414, 703), (222, 684), (403, 802), (238, 766), (397, 810), (243, 775), (404, 865), (237, 817)
(299, 305), (309, 282), (317, 279), (324, 275), (289, 284), (283, 282), (276, 279), (337, 251), (261, 262), (314, 309), (291, 310), (418, 272), (204, 296), (552, 221), (61, 259), (551, 357), (46, 382), (555, 403), (31, 430), (529, 402), (63, 428), (521, 390), (75, 417), (379, 559), (258, 555), (417, 706), (222, 684), (407, 816), (235, 750), (400, 827), (243, 756), (415, 882), (226, 795)
(298, 281), (308, 261), (316, 258), (324, 254), (289, 263), (283, 261), (277, 260), (338, 237), (263, 245), (313, 287), (291, 288), (418, 263), (206, 288), (558, 220), (60, 258), (553, 351), (46, 377), (556, 396), (32, 424), (530, 395), (65, 419), (522, 383), (76, 408), (379, 557), (258, 552), (418, 711), (225, 698), (411, 852), (234, 809), (403, 865), (242, 818), (419, 922), (227, 870)
(299, 266), (310, 248), (318, 245), (326, 242), (289, 249), (283, 247), (277, 246), (339, 226), (264, 230), (314, 273), (291, 273), (419, 254), (206, 269), (563, 220), (60, 257), (554, 348), (46, 369), (556, 390), (33, 415), (530, 389), (67, 409), (522, 378), (77, 398), (379, 552), (258, 546), (421, 712), (225, 698), (410, 834), (230, 800), (402, 843), (240, 804), (418, 906), (219, 857)
(300, 249), (311, 230), (319, 228), (327, 226), (290, 231), (284, 230), (278, 228), (341, 213), (264, 216), (315, 258), (291, 257), (420, 249), (206, 257), (567, 220), (60, 248), (554, 342), (44, 351), (556, 382), (32, 397), (530, 380), (67, 394), (522, 368), (77, 383), (380, 548), (258, 544), (422, 713), (225, 699), (411, 849), (229, 794), (402, 862), (240, 800), (421, 922), (221, 853)
(300, 232), (311, 214), (319, 212), (327, 211), (291, 214), (285, 212), (279, 211), (341, 200), (266, 200), (315, 241), (292, 240), (420, 242), (206, 243), (570, 221), (60, 244), (554, 339), (41, 339), (556, 377), (31, 385), (530, 373), (64, 382), (523, 362), (75, 371), (380, 544), (258, 541), (422, 718), (225, 701), (407, 852), (229, 806), (396, 863), (240, 811), (415, 924), (221, 873)
(300, 221), (312, 202), (319, 200), (327, 198), (292, 202), (285, 200), (279, 198), (342, 187), (267, 187), (315, 229), (292, 228), (420, 238), (206, 237), (571, 221), (60, 243), (553, 331), (41, 328), (556, 368), (30, 372), (530, 365), (63, 372), (522, 353), (73, 360), (380, 545), (257, 542), (423, 727), (225, 702), (405, 873), (225, 818), (392, 884), (236, 825), (412, 950), (217, 884)
(300, 205), (312, 184), (320, 182), (328, 181), (294, 184), (289, 181), (284, 180), (342, 174), (274, 174), (315, 216), (292, 214), (419, 234), (207, 234), (571, 222), (60, 245), (553, 324), (40, 318), (556, 362), (29, 363), (530, 358), (61, 364), (522, 347), (72, 353), (380, 546), (257, 545), (423, 733), (225, 720), (405, 899), (225, 860), (392, 910), (235, 869), (413, 977), (217, 929)
(310, 195), (323, 174), (330, 173), (337, 172), (304, 172), (297, 170), (292, 168), (350, 169), (278, 166), (322, 209), (298, 209), (419, 234), (209, 232), (572, 223), (61, 244), (553, 323), (40, 307), (554, 360), (29, 351), (529, 356), (60, 352), (522, 345), (72, 342), (380, 548), (257, 549), (423, 732), (225, 723), (413, 910), (222, 875), (399, 927), (231, 888), (427, 990), (218, 941)
(318, 186), (332, 163), (340, 162), (347, 162), (310, 160), (302, 158), (295, 157), (359, 162), (280, 157), (329, 202), (303, 202), (423, 234), (211, 229), (575, 231), (68, 244), (553, 321), (40, 297), (553, 358), (28, 343), (528, 353), (60, 342), (522, 341), (72, 332), (381, 552), (257, 553), (425, 754), (223, 721), (421, 925), (218, 884), (406, 948), (228, 903), (439, 1007), (212, 952)
(320, 181), (334, 158), (343, 157), (350, 156), (311, 156), (303, 154), (295, 152), (363, 156), (281, 152), (332, 199), (305, 199), (426, 235), (212, 228), (580, 240), (71, 244), (553, 320), (40, 293), (553, 357), (28, 336), (528, 351), (60, 334), (522, 339), (71, 325), (382, 557), (256, 556), (427, 767), (222, 723), (423, 937), (215, 888), (408, 961), (225, 907), (440, 1019), (209, 955)
(319, 178), (333, 154), (342, 154), (350, 153), (310, 153), (302, 151), (295, 150), (364, 153), (282, 151), (332, 196), (305, 196), (430, 235), (215, 225), (581, 243), (74, 244), (554, 318), (40, 289), (553, 356), (28, 332), (528, 349), (59, 331), (522, 338), (71, 322), (383, 560), (256, 557), (430, 769), (222, 724), (429, 940), (213, 897), (414, 965), (223, 919), (444, 1021), (207, 963)
(319, 161), (333, 139), (342, 139), (350, 139), (310, 139), (302, 138), (295, 138), (364, 145), (282, 143), (333, 183), (305, 182), (431, 234), (215, 228), (580, 251), (75, 247), (556, 310), (42, 270), (554, 344), (28, 307), (529, 336), (60, 306), (524, 326), (71, 299), (385, 565), (258, 564), (437, 780), (226, 731), (439, 958), (214, 938), (426, 985), (224, 965), (452, 1037), (209, 1005)
(324, 157), (337, 136), (346, 136), (354, 136), (313, 134), (305, 134), (297, 133), (368, 141), (284, 139), (337, 179), (308, 178), (432, 234), (216, 229), (579, 253), (76, 250), (557, 305), (43, 265), (555, 336), (28, 299), (530, 328), (60, 298), (525, 319), (72, 292), (386, 568), (259, 566), (438, 783), (226, 733), (440, 959), (215, 946), (427, 985), (224, 974), (452, 1039), (210, 1016)
(325, 153), (339, 132), (348, 132), (356, 133), (314, 129), (306, 128), (297, 127), (371, 139), (286, 135), (338, 177), (308, 173), (433, 235), (216, 230), (579, 257), (75, 259), (557, 298), (46, 263), (555, 324), (29, 293), (530, 316), (60, 292), (525, 309), (72, 287), (387, 570), (260, 569), (438, 793), (226, 736), (440, 968), (215, 951), (426, 994), (224, 978), (453, 1053), (215, 1024)
(329, 152), (343, 130), (352, 130), (360, 131), (318, 127), (309, 125), (300, 124), (375, 137), (288, 132), (342, 175), (313, 171), (434, 235), (216, 230), (576, 261), (76, 261), (560, 289), (50, 259), (559, 308), (31, 287), (532, 303), (61, 285), (528, 299), (75, 281), (388, 572), (260, 571), (438, 799), (226, 738), (438, 975), (215, 946), (424, 1000), (225, 973), (452, 1061), (216, 1019)
(332, 145), (345, 124), (354, 125), (361, 126), (320, 120), (312, 119), (303, 118), (377, 134), (290, 129), (344, 169), (316, 165), (435, 234), (217, 231), (575, 262), (76, 264), (562, 283), (52, 258), (560, 303), (34, 282), (533, 297), (63, 279), (529, 293), (76, 276), (389, 572), (261, 570), (437, 795), (227, 739), (437, 968), (218, 947), (423, 992), (226, 973), (451, 1052), (221, 1019)
(332, 140), (345, 120), (353, 122), (361, 123), (321, 117), (312, 116), (304, 115), (376, 133), (291, 127), (344, 165), (316, 161), (435, 234), (216, 231), (571, 268), (82, 266), (564, 278), (56, 255), (563, 296), (37, 273), (535, 290), (67, 271), (530, 287), (80, 270), (390, 572), (262, 571), (436, 795), (229, 744), (436, 971), (220, 968), (422, 997), (227, 996), (450, 1052), (231, 1041)
(332, 141), (345, 121), (354, 122), (361, 124), (321, 117), (313, 116), (304, 115), (375, 133), (292, 127), (344, 165), (316, 161), (434, 233), (216, 231), (561, 274), (89, 269), (565, 275), (59, 256), (566, 288), (40, 269), (539, 283), (70, 265), (532, 282), (83, 265), (390, 572), (262, 571), (436, 797), (230, 742), (437, 976), (220, 959), (423, 1002), (227, 986), (453, 1058), (231, 1031)
(333, 141), (345, 121), (354, 122), (361, 124), (322, 117), (313, 116), (304, 115), (375, 133), (291, 127), (344, 165), (316, 161), (434, 235), (212, 231), (559, 276), (87, 270), (566, 276), (60, 259), (567, 290), (43, 267), (540, 285), (71, 261), (533, 284), (84, 262), (390, 572), (262, 571), (436, 800), (231, 741), (437, 984), (221, 963), (424, 1011), (227, 992), (452, 1067), (233, 1034)
(333, 139), (345, 119), (354, 120), (361, 121), (322, 116), (313, 115), (304, 114), (375, 132), (291, 127), (344, 164), (316, 161), (433, 241), (211, 232), (559, 279), (85, 271), (566, 278), (60, 258), (567, 290), (43, 267), (540, 287), (73, 261), (533, 286), (85, 261), (391, 573), (262, 575), (435, 803), (232, 743), (437, 987), (222, 984), (424, 1014), (227, 1014), (450, 1068), (236, 1055)
(333, 142), (345, 120), (353, 121), (360, 123), (321, 118), (313, 117), (304, 116), (374, 133), (291, 128), (344, 166), (316, 163), (433, 243), (211, 235), (551, 283), (85, 274), (566, 280), (56, 260), (568, 292), (43, 272), (540, 288), (72, 267), (533, 287), (84, 266), (391, 576), (263, 578), (435, 806), (235, 742), (437, 990), (227, 972), (424, 1016), (231, 999), (449, 1072), (242, 1041)
(332, 143), (345, 122), (353, 123), (360, 124), (321, 120), (313, 119), (304, 119), (374, 133), (291, 130), (344, 167), (316, 164), (433, 244), (211, 237), (546, 285), (82, 276), (566, 280), (55, 261), (569, 290), (43, 276), (541, 286), (72, 271), (533, 287), (83, 270), (393, 578), (263, 581), (432, 810), (237, 799), (436, 993), (231, 994), (424, 1020), (233, 1023), (439, 1071), (252, 1064)
(332, 145), (344, 123), (353, 124), (360, 125), (321, 121), (313, 120), (304, 120), (373, 134), (291, 131), (344, 168), (316, 166), (433, 245), (211, 239), (546, 285), (81, 277), (563, 281), (55, 262), (569, 291), (43, 277), (541, 287), (72, 273), (533, 287), (83, 271), (393, 579), (263, 582), (432, 808), (238, 788), (436, 988), (231, 989), (424, 1015), (233, 1017), (440, 1066), (249, 1059)
(332, 145), (344, 124), (353, 124), (360, 125), (321, 122), (312, 121), (303, 121), (372, 134), (290, 131), (344, 168), (315, 166), (433, 246), (210, 241), (547, 285), (80, 279), (565, 282), (55, 262), (570, 290), (43, 279), (543, 286), (73, 274), (535, 287), (83, 272), (394, 580), (263, 583), (431, 811), (238, 806), (434, 994), (232, 988), (424, 1021), (233, 1016), (434, 1070), (250, 1056)
(332, 146), (344, 124), (353, 125), (360, 126), (321, 122), (312, 121), (303, 121), (372, 135), (290, 132), (344, 169), (315, 167), (433, 246), (210, 242), (548, 285), (80, 280), (566, 281), (55, 263), (572, 290), (43, 279), (545, 286), (73, 275), (537, 286), (84, 273), (395, 580), (263, 582), (431, 811), (236, 801), (434, 995), (232, 982), (424, 1022), (233, 1010), (435, 1073), (249, 1051)
(332, 145), (344, 124), (353, 125), (360, 126), (321, 122), (312, 121), (303, 121), (371, 135), (290, 132), (343, 168), (315, 166), (432, 246), (210, 242), (547, 285), (80, 280), (567, 281), (55, 263), (572, 289), (44, 280), (547, 285), (73, 275), (538, 286), (84, 274), (395, 580), (263, 582), (432, 810), (235, 796), (435, 996), (232, 980), (426, 1022), (233, 1008), (437, 1075), (249, 1046)
(331, 145), (344, 124), (352, 124), (359, 125), (320, 121), (311, 121), (302, 121), (371, 135), (289, 132), (343, 168), (314, 166), (432, 247), (210, 243), (543, 285), (81, 281), (565, 281), (55, 263), (572, 290), (44, 280), (547, 286), (74, 276), (538, 286), (84, 274), (395, 580), (263, 582), (433, 810), (232, 792), (436, 994), (232, 970), (426, 1020), (233, 997), (440, 1074), (248, 1034)
(331, 144), (343, 123), (352, 124), (359, 125), (320, 121), (310, 120), (302, 120), (371, 135), (288, 133), (343, 167), (314, 166), (432, 247), (210, 243), (537, 286), (85, 284), (557, 284), (57, 268), (572, 291), (46, 284), (545, 287), (74, 279), (534, 287), (85, 277), (395, 579), (264, 581), (433, 809), (235, 745), (437, 993), (230, 960), (426, 1020), (232, 986), (446, 1073), (244, 1025)
(331, 143), (343, 122), (352, 123), (359, 124), (320, 120), (310, 120), (302, 120), (370, 135), (288, 132), (343, 166), (314, 165), (432, 247), (210, 242), (534, 298), (88, 293), (549, 299), (58, 286), (568, 311), (48, 306), (541, 301), (76, 301), (531, 297), (86, 298), (395, 579), (264, 581), (433, 809), (238, 736), (438, 991), (230, 957), (427, 1016), (233, 982), (449, 1073), (242, 1022)
(331, 143), (343, 122), (352, 123), (359, 124), (320, 120), (311, 120), (302, 120), (370, 135), (288, 132), (343, 166), (314, 165), (432, 247), (211, 242), (521, 317), (109, 319), (542, 332), (64, 326), (561, 347), (51, 355), (537, 334), (78, 346), (528, 329), (87, 340), (396, 580), (265, 581), (430, 807), (239, 741), (438, 988), (230, 964), (428, 1011), (233, 988), (448, 1069), (241, 1029)
(332, 143), (343, 122), (352, 123), (359, 124), (320, 120), (311, 120), (302, 120), (370, 134), (288, 132), (343, 166), (315, 165), (433, 251), (211, 244), (511, 344), (133, 343), (539, 378), (83, 391), (560, 401), (64, 427), (537, 394), (81, 418), (528, 386), (91, 408), (396, 582), (265, 581), (420, 810), (239, 798), (431, 993), (231, 996), (427, 1018), (233, 1028), (419, 1073), (249, 1064)
(332, 143), (343, 122), (351, 123), (359, 124), (320, 120), (311, 120), (302, 120), (370, 134), (289, 132), (344, 166), (316, 164), (433, 261), (211, 254), (492, 375), (152, 381), (537, 447), (104, 465), (560, 473), (82, 501), (544, 468), (90, 498), (533, 459), (100, 488), (396, 582), (265, 582), (415, 815), (243, 815), (426, 1007), (237, 1009), (427, 1035), (235, 1041), (405, 1084), (258, 1074)
(335, 143), (346, 122), (353, 123), (361, 124), (323, 121), (315, 121), (305, 121), (371, 135), (291, 134), (348, 167), (322, 165), (433, 270), (214, 258), (476, 414), (175, 408), (532, 521), (127, 532), (557, 557), (99, 573), (547, 554), (103, 575), (536, 543), (115, 562), (395, 583), (265, 583), (404, 814), (243, 804), (414, 1006), (237, 1003), (414, 1034), (235, 1035), (401, 1080), (256, 1067)
